.Random.seed <-
c(403L, 10L, -1916660062L, -648927852L, 1633659927L, -2074788851L, 
204708132L, -1515817718L, 1205163125L, -148521009L, 672489686L, 
1696882816L, 809754307L, -1188255647L, -429287216L, -312126930L, 
1273869273L, -202523669L, 1389648474L, 586198044L, -1260701409L, 
-136894091L, -1666308084L, 94745058L, 728861373L, 1593361719L, 
-1691276834L, -767365352L, 1423550075L, 1701979161L, -88419160L, 
-1152618922L, 1102514897L, -2143491453L, 1849172242L, 915997860L, 
-1046162329L, -1213276739L, -1103126732L, -876135270L, 1526268645L, 
1688796287L, 806794758L, -1007189616L, 1762180147L, 2062898129L, 
-1167877760L, 1346810974L, -1795038295L, 1278622299L, 2129157738L, 
2032247564L, 1432192335L, -1364722171L, 606274748L, 77559186L, 
-1635111283L, -21945145L, -794181202L, 1175481352L, 368746507L, 
-874441495L, 1517597624L, 68844646L, -1736811263L, 795032467L, 
-1329505214L, -127802380L, 1517694455L, -984960531L, -1932868988L, 
-1952942934L, 1190355477L, -344334673L, 1256119478L, 1483909856L, 
-28584413L, 1306548545L, -1680309200L, 1687936590L, -1564308807L, 
-1632801077L, 1264146298L, 1770135164L, 115808959L, 719027093L, 
398637996L, 1089679746L, 1924462429L, 1409292887L, -1910238914L, 
-1915408008L, -113980837L, -604521031L, -163520504L, -1717558602L, 
-270648847L, -1665650653L, 154652786L, -658165052L, 1579328647L, 
-1284810659L, -843039148L, 674806906L, -817125435L, -471439073L, 
435939494L, -1509864912L, 1497977043L, 105340657L, 132611616L, 
2007500990L, -542896951L, 1665541755L, 2116297802L, -1490490196L, 
-988693585L, -631980187L, -2129144548L, -521929358L, 2005464557L, 
-301458905L, -822986162L, 2057404072L, -411233109L, 961828297L, 
-1325049384L, 1824968838L, -374350495L, 1390244083L, 620117858L, 
925071828L, -1637200681L, -2123231539L, 1853875812L, 37020746L, 
1771450805L, 25083151L, 1548990998L, 643224768L, 1315500675L, 
-162472287L, 2110443664L, 1997159278L, 135537945L, -1058941525L, 
2014622618L, 1060858716L, -298112417L, -1604218315L, 1541372364L, 
1775816994L, -2128702595L, 648081527L, 61371806L, -1046279080L, 
907901371L, 1471299417L, -1224524568L, 2101601558L, 307312273L, 
772471619L, 822158930L, -760788764L, 764680999L, -165957763L, 
-1189199244L, 434625626L, 1591665829L, -2136293697L, 2089313606L, 
924363728L, -1185487373L, -1682452207L, -988267200L, -2098987746L, 
1275226601L, -1115829477L, -1949641430L, 824086092L, 1583225359L, 
-2114142907L, 901062396L, -220678830L, -2080736563L, -1879453049L, 
-224447122L, -2007863480L, -1937925301L, 1923416745L, 795060216L, 
1617610534L, 582776897L, -1764337197L, -1323306110L, 252573620L, 
-1863651529L, -1532926419L, -168683708L, 671425642L, -863109419L, 
1194522735L, -1063634570L, -1225031008L, 652521315L, -778705919L, 
338333552L, 1838712590L, -703389319L, -1684458229L, -1631785414L, 
1073562940L, 1303431807L, -290205227L, -470929428L, 795185474L, 
-2104684899L, -1490416873L, -815334786L, 920398392L, 343338267L, 
430692985L, 1601459912L, -566038794L, 1271228209L, -1740210333L, 
-974498510L, -177002876L, 1491432135L, 1208466672L, -1938368700L, 
-1175708584L, -1509788102L, -304541456L, -423708996L, -559476204L, 
-526877502L, -1712059808L, 417374588L, -1624355632L, -1381930974L, 
401110184L, -516005492L, -1465085508L, -1879716814L, -564521152L, 
1999704756L, 1823456584L, -2072095046L, 2141274896L, 1066588396L, 
-1514410924L, 484707090L, 932474272L, -1810335796L, -990760096L, 
447126722L, 2376232L, -20742740L, -751891652L, -852287630L, -871973072L, 
794625060L, 248939064L, -751745318L, 1831699344L, -1788946180L, 
-1245011564L, 609608514L, -308602368L, -31513540L, -1184732592L, 
322241698L, 696448840L, 1810054668L, 2045689564L, 323174482L, 
-978403200L, 1711840084L, -932994072L, -713760006L, -1062363312L, 
2068496428L, 1771680116L, -2099178862L, 1559470688L, 1561068684L, 
-2090830496L, -956626718L, -1373896536L, 1040083660L, 100935164L, 
621395890L, 1844156400L, -215022140L, -177186472L, -1955121798L, 
509060528L, -1317525060L, -125732268L, -1424077374L, -1156777184L, 
812764092L, 2135016528L, 1928060898L, 1516512104L, 543942476L, 
1536097020L, -1948386574L, -457740032L, 728798324L, -1465034232L, 
1038297530L, -2000733744L, 318532588L, -202553452L, 1106554066L, 
798181472L, -1747050164L, 1524557600L, -1662408062L, 2127153640L, 
-345025556L, 485482044L, -858711438L, -174940304L, -1695248092L, 
-1378316744L, -1558815334L, 132593104L, 1830851004L, 708223636L, 
-101747070L, -1351282240L, -872300740L, -1543489904L, 1903956770L, 
-710162936L, 894383884L, 397457308L, 1221845010L, -280976512L, 
-744399084L, 1476675880L, -1871601606L, 2041550800L, -1980519828L, 
-484438988L, -132229998L, 929807712L, 380891468L, 846883296L, 
989396898L, 1213927336L, 1497101452L, 1244869564L, 1565169778L, 
-435538960L, 2080063556L, 2059441240L, -2082992070L, -743243664L, 
1113174588L, -873022700L, 378764994L, -981516576L, 26981500L, 
-109297456L, -313822302L, -1388850648L, 1362928908L, -1355457604L, 
-1248803534L, -1192817472L, 1650581044L, 628233928L, -1635510598L, 
-2000510832L, 987527916L, 2069047892L, 1868566162L, -2117960928L, 
-239211572L, -1392493344L, 1763961538L, 909140008L, 576375724L, 
-1776657732L, 1351108082L, -652532176L, -49680476L, -1073314376L, 
-1811185830L, 1379489936L, 535563132L, -1890032876L, -1970552510L, 
-1244626176L, 206311356L, 1406366544L, -2100333278L, 1983225416L, 
-1217812468L, -299839396L, -1309427246L, 778926592L, 768541012L, 
-1065523992L, -1002881798L, -2067581232L, -960434900L, 1451854068L, 
-1946610286L, 1850210656L, -1286703092L, 209993440L, 725391970L, 
-739787096L, 2141541964L, -289989764L, -815532750L, 355769968L, 
1781340996L, 1572320216L, -1252229254L, 2008486448L, 1830456252L, 
866574932L, 1099082818L, 2050242720L, -2105982276L, -1887609392L, 
-1769220254L, -502525208L, 1612113100L, 918760956L, -1948198414L, 
135280256L, 2007434740L, -757042552L, -73218246L, 1764630352L, 
1762839660L, 1106988436L, -87315374L, 471349728L, 1630155980L, 
-2082246496L, 1159997826L, -455477016L, -510745876L, -799173316L, 
-67449742L, 983999600L, -387437532L, -1631821768L, 331171447L, 
948182656L, -1153893154L, 191782827L, -2072031059L, 880100634L, 
-2015059496L, 649370177L, -2027138829L, -1954222316L, -1077901662L, 
2102935479L, 827788161L, 1203779974L, -2083759164L, 666846965L, 
-1756474529L, -1091125832L, 920781974L, 1643838115L, 164551781L, 
-949302910L, -1574759696L, -1661303143L, 1121225355L, 452037500L, 
-1740018262L, -1492449825L, 1694995305L, 1195643774L, -1398404244L, 
36896701L, -493826937L, -800833424L, 344058638L, 1001719867L, 
2015545117L, 1679058378L, -1874207000L, -1977667119L, -320339005L, 
2083134660L, -2127174798L, -754172345L, 1399447057L, -1171705962L, 
2126484212L, -1389521787L, -508180017L, -311534392L, -1650143898L, 
1940058003L, -1306840843L, -1332119342L, 694748960L, 733079305L, 
1804324923L, -1080457844L, -1456948198L, 135082127L, -2106914855L, 
-1965791122L, 559082492L, -889587347L, 842011415L, 123179744L, 
-1985802050L, 1806130827L, 1856029965L, 1322223930L, -1280353928L, 
485595937L, -826897453L, -947735820L, 1295342466L, -659502569L, 
619497697L, -1975466458L, 135896868L, 345362389L, -1429858433L, 
-1946508776L, -1648549578L, -1420210237L, -176296443L, -1171948126L, 
-1023147632L, -777823943L, 1922162155L, 2095210204L, 1761504010L, 
314131967L, 814455881L, 763321822L, 2074062220L, 1799698781L, 
-549146265L, 403518096L, -592704338L, 2107301211L, 1821221181L, 
-151098454L, 1478048840L, 1525195889L, -2029030941L, 1409993956L, 
-1477298158L, -1436509209L, -1131478095L, -1166918154L, 707772436L, 
-124268763L, -1188825041L, 508469736L, 1381013190L, 2084403059L, 
1896845269L, 831219634L, -649158272L, 909236585L, 1925246427L, 
-2118163156L, 563400506L, -1734417937L, 1833612409L, -1849866482L, 
1114817244L, -1557003955L, -690463561L, -1786558912L, 799508254L, 
672816619L, -1412963987L, -579682342L, -209368680L, -986867711L, 
-1459496525L, -501059372L, -838363678L, 963412087L, -713202239L, 
-1625223354L, -941606268L, 1184810037L, -1998855137L, -636378248L, 
