.Random.seed <-
c(403L, 10L, 1622637711L, -293964603L, -1224108932L, -373552942L, 
-685774771L, -986046201L, 1516729582L, 479239624L, 657760971L, 
1705962281L, 1597066104L, 1120268454L, 970123969L, -352814253L, 
1276004354L, -404085452L, -143577417L, 1365766829L, -1169669180L, 
-1025504278L, -1881377707L, 571394543L, 638685686L, -314636512L, 
1677891811L, -791876223L, -1818784784L, 1205236366L, 900310521L, 
1989932939L, -1820163142L, 1133042364L, 1124119039L, -2001756331L, 
-1218398100L, 1658899650L, 1985898269L, -1995760233L, -619447042L, 
-579656008L, 1734244507L, -1820428551L, -1161668536L, -107426954L, 
-1609183567L, 1265852131L, 868027826L, 1319548420L, -1622553273L, 
-1419212771L, 202346132L, -1431026118L, -527136635L, -27394721L, 
1235686886L, -186053520L, -520269933L, -700438479L, -794515744L, 
1015713662L, -524351991L, -111448517L, -329674742L, -410341396L, 
-1271020433L, -1030661211L, -1537918116L, -826497230L, -1612777939L, 
2072820967L, -1949610482L, 548549608L, 1571024363L, 2021144201L, 
-1375205864L, 1603259718L, -571397215L, 533300787L, -1573594206L, 
-1802465644L, 455838999L, 1628281613L, 1708927524L, -1494658550L, 
-1149809803L, 627592911L, 531907030L, 917794176L, -1880595005L, 
870499169L, -1380304432L, 445845806L, 1232353497L, 951956203L, 
1704550234L, -313685732L, 2097020959L, -537334667L, 371833100L, 
-1115450142L, 268156349L, -1726485961L, -2018912034L, -2072341480L, 
-1959416965L, 1249557273L, 1411671976L, 889759574L, 1977548753L, 
-1402086525L, -1856266734L, 1427241380L, 280517991L, 2051449533L, 
2003853876L, -1208788582L, -39746075L, -734346881L, -1880020730L, 
905147024L, 1961431859L, 1446365393L, 1788390016L, -1485849762L, 
-714798935L, 816499547L, 2055002474L, -1013134324L, -610669489L, 
1108360453L, 2093956540L, -1963911022L, -1282360435L, -1580631097L, 
-189554514L, 283996424L, -155570421L, 1831410153L, 6954680L, 
1000704358L, -1474147839L, 905659539L, 1548918594L, 1266716916L, 
340675831L, 142034157L, 818165636L, -1106228822L, 130838293L, 
-1664586321L, -1562249802L, -1314690080L, 8545059L, 1946977345L, 
-1869277392L, 127145294L, 94934969L, -1019555381L, -327855494L, 
-1472424068L, 1756420031L, 73877L, -1856229716L, -26092414L, 
-1483608995L, -1338002601L, 1204964926L, -1435598216L, -354291365L, 
2020483257L, 871248136L, 868238262L, -200113935L, -1770129629L, 
653365618L, -2011028540L, 1235570567L, 1577432413L, -826578092L, 
-1602088582L, 1860902085L, -1085178337L, -1121560154L, -761291984L, 
1958705619L, -505085967L, -1222227680L, -827820098L, 2060425161L, 
-228018309L, 1925967178L, -2052912724L, -2130647889L, 613080677L, 
-1006877156L, 2008127602L, 1303994093L, 241943335L, -1493180594L, 
-1695459416L, -408722517L, -56532791L, 1759275224L, 1879823750L, 
490851425L, -1037812237L, -1648149406L, 359299796L, -1276294185L, 
-651722291L, -1562176156L, -82583222L, 381946037L, 1376329743L, 
141662486L, 1869743040L, 456494979L, -1260700255L, 1683972496L, 
-940004754L, -626979815L, 1431539883L, -452234086L, 364512348L, 
-1190395553L, -1723030731L, -1975556404L, -936940056L, -1219351558L, 
2137545936L, -1397040852L, 2131318516L, -284615278L, -1562390432L, 
1674147084L, -1968616736L, 1874840930L, -759070040L, 1626065484L, 
-768125572L, -905467598L, -1444045712L, -2036085948L, 969277912L, 
1314432122L, 1891141168L, -1812692292L, 1461031764L, 858185794L, 
-1880290912L, -1356597572L, -435925552L, -613560990L, 1426778088L, 
69803980L, -1241922820L, 1349420530L, 291503232L, 1982036212L, 
-1979803000L, -1767560390L, 541267792L, 199907948L, -1835423596L, 
-1895972526L, 1152550624L, -1653106996L, -813827936L, -762824830L, 
919226088L, -1317044500L, 1648508988L, 884131442L, -1847446416L, 
243956260L, 1880909880L, -215257062L, -1895053616L, -685097924L, 
1740389524L, -1158862718L, -1023680576L, -969430724L, 370067088L, 
-1313202142L, 1947760648L, 1036393612L, 2020635676L, -302077294L, 
221589632L, -1430240236L, 868743464L, -1516897734L, 1641346256L, 
-1705438100L, 532426420L, 1380657170L, 1049905120L, 258630604L, 
-658154016L, 1653457442L, 2114727208L, 561792268L, 1270906428L, 
1485500658L, 1341296368L, -462221500L, -139084200L, 818653754L, 
-2118603024L, -2068016964L, 2117718548L, 2070205634L, -1957956512L, 
1238064508L, 1773392080L, 24200226L, 1911963304L, 2005992332L, 
-398348868L, 824286258L, -1277532352L, -210139980L, -939604152L, 
-1181037894L, -801005808L, -1555579668L, -1747336108L, -39416046L, 
401913760L, -239447092L, 1332007776L, 312902850L, -631990744L, 
1391793580L, -1209054404L, -629360782L, 1396594480L, 718009892L, 
-1974008776L, 726966490L, -108333680L, -1751827716L, 1824977812L, 
-511854782L, 395206144L, 2082072124L, -2098173360L, 1946965666L, 
-2144165048L, -1297853940L, 874035420L, 1473149522L, -1159966592L, 
-867185836L, 673514984L, 1988067066L, -1035211952L, -132060116L, 
2060757364L, -1308019054L, 1341861472L, 2118608524L, 2002261856L, 
1214003938L, -839044952L, 1175960780L, 1530028540L, 1699495858L, 
-1441437200L, 620553668L, -1064584360L, 151269242L, -659139152L, 
-1863576132L, -1843657644L, -190511166L, 1671137056L, -1682981956L, 
-1162258864L, 1739901410L, 2109199720L, 667028812L, -1064602372L, 
-693003534L, 1810612992L, -1750118796L, -171289592L, 1333189050L, 
2075947984L, -313866772L, 2123542420L, -398459182L, -1754781088L, 
-940655284L, 32833824L, 685948546L, -1472711192L, 1014846444L, 
697211452L, -1212393870L, -1050055824L, -1340829404L, -311467464L, 
708041114L, 1750199760L, -71189060L, -966867820L, -455407486L, 
682433984L, -11632836L, -805048176L, -398496990L, 1310267912L, 
-1981486836L, -1193592420L, -202159598L, -1728962688L, -985560300L, 
548819240L, 1061328954L, 1806097360L, 1872367212L, -1290448332L, 
1444325010L, 532598112L, -505517748L, 927015904L, -1286614622L, 
-481994328L, 1942066828L, -719303236L, -1147149710L, 562498544L, 
488550980L, 1453723736L, -109018054L, 485487728L, -209996740L, 
-761932524L, 1789115074L, -197232928L, 911723644L, -1666000176L, 
-642496094L, -2106532824L, -593242356L, 1219157436L, 1248941874L, 
110517952L, 143720500L, 790068936L, -1159690054L, 1771303568L, 
-404224218L, 1376282579L, 1026279733L, 1628618898L, 1772765280L, 
156448201L, -1648849669L, -1730821428L, -1624471718L, -1545252273L, 
-34359527L, -1266908882L, -1768561860L, 1019357357L, -839079081L, 
655777440L, 1448105982L, -2068250933L, 526471373L, 1923429370L, 
853606456L, -907224607L, -2100108653L, 813213876L, -1523910206L, 
1576559063L, 1923173921L, -117537306L, -434070300L, -980835307L, 
1177572415L, -1215226920L, -676590090L, 1593781763L, 1746782533L, 
-1313796766L, -430018864L, 951732729L, 1685068075L, 968712860L, 
-639219510L, 2022384063L, 679142665L, 131163678L, 1701723084L, 
-782231139L, -1876741081L, -479561136L, 803587822L, 1568939931L, 
-131076611L, 1735807210L, 1670779784L, 1252900145L, -1662835293L, 
1176867236L, 1836876882L, 35119015L, 1859836913L, -790143178L, 
1646918612L, 20664677L, 1080790383L, 834326440L, 1311171846L, 
725789747L, 1108331157L, 1437530866L, 1597334336L, -6338391L, 
626539803L, -912594196L, -1233996038L, -791353553L, 1422853945L, 
-385320626L, 1807640476L, -2073697011L, 753987447L, 874072960L, 
-1995709986L, -1592699221L, -886228563L, 1952632346L, 663449816L, 
-344924863L, -242395661L, -669699052L, 1063385506L, -2085744969L, 
1275431041L, -603438970L, -195676988L, -486419979L, -1306588065L, 
1993830072L, -1185398890L, 2141517219L, -2088425115L, 846200962L, 
-1928697360L, 207183769L, 698636683L, 1503855740L, 350400170L, 
-680408865L, -509518231L, -1933570946L, -1595095956L, 1745147069L, 
1142885767L, -507205264L, -850957298L, -1745346245L, -1783566819L, 
2011607754L, 1858018792L, 1665745617L, 865779395L, -235555388L, 
-16121230L, -1376388281L, -1661451503L, 396349078L, 241681396L, 
-2101842555L, -1405886257L, 1869892040L, 250947686L, -1142587757L, 
-546525707L, 2089201618L, 1615219744L, 161181193L, 1944115003L, 
-1608213876L, 132874010L, -1792650865L, -1926672679L, -333778578L, 
1008385276L, -1212844435L, -1183022569L, -448268320L, -896502850L, 
